[[ 2.00000000e+00  1.00000000e+00  6.55350000e+04]
 [ 9.00719976e+15  9.00719977e+15  0.00000000e+00]
 [ 3.35300000e+00  3.35000000e+00  2.36387000e+03]
 [ 0.00000000e+00  0.00000000e+00  0.00000000e+00]
 [ 2.00000000e+00  2.00000000e+00  7.20000000e+01]
 [ 1.96000000e+02  1.96000000e+02  5.07200000e+03]
 [ 5.00000000e+00  5.00000000e+00  0.00000000e+00]
 [ 1.00000000e+00  1.00000000e+00  0.00000000e+00]
 [ 1.00000000e+00  2.00000000e+00  0.00000000e+00]
 [ 2.34202224e+12  4.22087710e+13  0.00000000e+00]
 [ 4.22087710e+13  2.34202224e+12  0.00000000e+00]
 [ 2.68435457e+08  2.68435458e+08  0.00000000e+00]
 [ 2.68435458e+08  2.68435457e+08  0.00000000e+00]
 [ 0.00000000e+00  0.00000000e+00  0.00000000e+00]
 [ 0.00000000e+00  0.00000000e+00  0.00000000e+00]
 [ 0.00000000e+00  0.00000000e+00  0.00000000e+00]
 [-2.53208767e+18 -2.53208767e+18  3.43647002e+18]]
